u<-c(1,2)
u

